10 35
20 19
30 17
40 47
50 34
60 4
70 32
80 12
90 6
100 16
110 34
120 25
130 37
140 35
150 51
160 16
170 18
180 29
190 21
200 18
210 24
220 8
230 25
240 35
250 5
260 13
270 7
280 13
290 11
300 34
310 15
320 9
330 11
340 7
350 23
360 21
370 6
380 11
390 14
400 7
410 16
420 14
430 15
440 18
450 14
460 9
470 14
480 14
490 9
500 9
510 11
520 16
530 7
540 10
550 8
560 9
570 8
580 9
590 9
600 11
610 11
620 8
630 11
640 8
650 12
660 12
670 9
680 12
690 11
700 11
710 15
720 13
730 14
740 15
750 39
760 15
770 18
780 18
790 15
800 15
810 19
820 18
830 27
840 18
850 16
860 20
870 49
880 16
890 16
900 15
910 13
920 13
930 14
940 13
950 15
960 14
970 15
980 14
990 14
1000 15
1010 14
1020 16
1030 20
1040 16
1050 20
1060 18
1070 15
1080 16
1090 16
1100 23
1110 24
1120 17
1130 16
1140 16
1150 17
1160 16
1170 16
1180 22
1190 26
1200 20
1210 20
1220 25
1230 28
1240 45
1250 21
1260 48
1270 120
1280 64
1290 43
1300 51
1310 54
1320 36
1330 32
1340 63
1350 49
1360 35
1370 41
1380 65
1390 59
1400 25
1410 32
1420 29
1430 39
1440 43
1450 40
1460 98
1470 81
1480 32
1490 33
1500 35
1510 28
1520 25
1530 43
1540 88
1550 34
1560 70
1570 31
1580 32
1590 31
1600 34
1610 32
1620 33
1630 33
1640 34
1650 37
1660 33
1670 34
1680 55
1690 40
1700 32
1710 44
1720 33
1730 32
1740 34
1750 42
1760 39
1770 49
1780 34
1790 48
1800 38
1810 35
1820 49
1830 48
1840 49
1850 60
1860 28
1870 53
1880 72
1890 37
1900 37
1910 63
1920 34
1930 43
1940 38
1950 32
1960 43
1970 40
1980 34
1990 29
2000 36
2010 31
2020 30
2030 33
2040 33
2050 33
2060 38
2070 34
2080 35
2090 43
2100 62
2110 33
2120 57
2130 37
2140 34
2150 42
2160 35
2170 32
2180 39
2190 31
2200 32
2210 31
2220 46
2230 33
2240 33
2250 33
2260 33
2270 35
2280 34
2290 33
2300 34
2310 34
2320 40
2330 34
2340 38
2350 39
2360 48
2370 39
2380 43
2390 54
2400 43
2410 40
2420 45
2430 36
2440 40
2450 41
2460 37
2470 39
2480 40
2490 37
2500 38
2510 44
2520 39
2530 43
2540 40
2550 40
2560 52
2570 42
2580 49
2590 49
2600 46
2610 47
2620 43
2630 51
2640 48
2650 40
2660 38
2670 41
2680 48
2690 47
2700 51
2710 138
2720 108
2730 58
2740 66
2750 195
2760 120
2770 126
2780 106
2790 99
2800 85
2810 66
2820 52
2830 54
2840 59
2850 105
2860 100
2870 57
2880 41
2890 70
2900 60
2910 72
2920 63
2930 38
2940 44
2950 41
2960 48
2970 52
2980 41
2990 44
3000 49
3010 40
3020 59
3030 41
3040 59
3050 43
3060 41
3070 105
3080 43
3090 45
3100 41
3110 42
3120 46
3130 43
3140 85
3150 217
3160 164
3170 188
3180 232
3190 125
3200 53
3210 137
3220 94
3230 69
3240 101
3250 77
3260 59
3270 55
3280 69
3290 65
3300 57
3310 55
3320 55
3330 62
3340 49
3350 45
3360 43
3370 47
3380 50
3390 48
3400 62
3410 66
3420 70
3430 72
3440 51
3450 51
3460 48
3470 44
3480 46
3490 47
3500 45
3510 46
3520 46
3530 49
3540 50
3550 52
3560 50
3570 45
3580 78
3590 54
3600 64
3610 74
3620 91
3630 57
3640 51
3650 56
3660 50
3670 51
3680 49
3690 97
3700 67
3710 70
3720 96
3730 71
3740 90
3750 64
3760 58
3770 73
3780 57
3790 58
3800 54
3810 57
3820 74
3830 99
3840 62
3850 58
3860 70
3870 85
3880 54
3890 94
3900 96
3910 132
3920 75
3930 54
3940 55
3950 53
3960 53
3970 54
3980 51
3990 52
4000 52
4010 53
4020 53
4030 52
4040 54
4050 52
4060 52
4070 62
4080 161
4090 81
4100 54
4110 52
4120 53
4130 53
4140 56
4150 53
4160 53
4170 55
4180 52
4190 54
4200 54
4210 54
4220 53
4230 59
4240 59
4250 57
4260 73
4270 76
4280 57
4290 55
4300 57
4310 57
4320 59
4330 61
4340 60
4350 65
4360 67
4370 67
4380 68
4390 77
4400 120
4410 154
4420 99
4430 184
4440 80
4450 72
4460 103
4470 95
4480 177
4490 64
4500 62
4510 58
4520 61
4530 65
4540 121
4550 115
4560 77
4570 79
4580 106
4590 73
4600 73
4610 109
4620 271
4630 130
4640 70
4650 69
4660 64
4670 63
4680 64
4690 96
4700 87
4710 73
4720 114
4730 84
4740 131
4750 118
4760 88
4770 226
4780 95
4790 70
4800 76
4810 73
4820 71
4830 68
4840 67
4850 66
4860 70
4870 67
4880 68
4890 67
4900 67
4910 68
4920 71
4930 81
4940 68
4950 158
4960 75
4970 66
4980 68
4990 64
5000 68
5010 73
5020 74
5030 72
5040 67
5050 65
5060 70
5070 73
5080 147
5090 133
5100 75
5110 72
5120 72
5130 76
5140 78
5150 80
5160 74
5170 77
5180 77
5190 79
5200 88
5210 80
5220 78
5230 70
5240 70
5250 71
5260 71
5270 74
5280 75
5290 81
5300 86
5310 101
5320 89
5330 91
5340 73
5350 153
5360 86
5370 86
5380 90
5390 77
5400 86
5410 83
5420 84
5430 79
5440 81
5450 82
5460 78
5470 78
5480 79
5490 84
5500 82
5510 79
5520 76
5530 81
5540 99
5550 79
5560 72
5570 91
5580 82
5590 88
5600 77
5610 74
5620 71
5630 74
5640 77
5650 89
5660 104
5670 98
5680 75
5690 75
5700 75
5710 79
5720 73
5730 75
5740 78
5750 84
5760 88
5770 88
5780 90
5790 90
5800 110
5810 115
5820 120
5830 146
5840 110
5850 92
5860 75
5870 75
5880 88
5890 79
5900 79
5910 76
5920 78
5930 77
5940 80
5950 78
5960 77
5970 80
5980 75
5990 75
6000 81
6010 80
6020 84
6030 77
6040 77
6050 77
6060 80
6070 80
6080 85
6090 79
6100 78
6110 78
6120 80
6130 81
6140 81
6150 82
6160 78
6170 80
6180 81
6190 81
6200 79
6210 87
6220 80
6230 79
6240 79
6250 80
6260 82
6270 82
6280 84
6290 80
6300 83
6310 83
6320 84
6330 86
6340 91
6350 83
6360 81
6370 79
6380 86
6390 81
6400 82
6410 88
6420 84
6430 84
6440 82
6450 84
6460 83
6470 84
6480 82
6490 83
6500 85
6510 87
6520 83
6530 92
6540 84
6550 83
6560 84
6570 84
6580 83
6590 86
6600 92
6610 87
6620 84
6630 86
6640 86
6650 85
6660 92
6670 87
6680 89
6690 85
6700 88
6710 88
6720 92
6730 89
6740 86
6750 89
6760 89
6770 88
6780 89
6790 91
6800 88
6810 87
6820 88
6830 88
6840 92
6850 86
6860 89
6870 87
6880 85
6890 92
6900 94
6910 89
6920 92
6930 90
6940 89
6950 93
6960 94
6970 92
6980 90
6990 89
7000 91
7010 94
7020 91
7030 92
7040 91
7050 94
7060 94
7070 94
7080 90
7090 94
7100 89
7110 93
7120 117
7130 112
7140 92
7150 91
7160 97
7170 91
7180 94
7190 95
7200 94
7210 94
7220 97
7230 98
7240 101
7250 105
7260 93
7270 99
7280 94
7290 100
7300 94
7310 97
7320 95
7330 95
7340 97
7350 99
7360 94
7370 96
7380 96
7390 96
7400 100
7410 94
7420 99
7430 99
7440 99
7450 95
7460 102
7470 99
7480 99
7490 99
7500 98
7510 105
7520 100
7530 95
7540 102
7550 98
7560 105
7570 98
7580 101
7590 98
7600 100
7610 100
7620 106
7630 99
7640 102
7650 99
7660 103
7670 102
7680 104
7690 101
7700 99
7710 99
7720 105
7730 104
7740 99
7750 98
7760 98
7770 102
7780 106
7790 99
7800 99
7810 106
7820 105
7830 107
7840 101
7850 99
7860 104
7870 106
7880 110
7890 100
7900 102
7910 103
7920 102
7930 103
7940 105
7950 101
7960 104
7970 105
7980 110
7990 105
8000 102
8010 104
8020 103
8030 105
8040 102
8050 101
8060 104
8070 106
8080 109
8090 103
8100 104
8110 111
8120 111
8130 107
8140 106
8150 105
8160 106
8170 105
8180 109
8190 110
8200 107
8210 110
8220 109
8230 113
8240 107
8250 109
8260 108
8270 107
8280 117
8290 112
8300 107
8310 111
8320 110
8330 117
8340 109
8350 115
8360 111
8370 112
8380 110
8390 111
8400 110
8410 115
8420 115
8430 112
8440 113
8450 109
8460 110
8470 120
8480 113
8490 109
8500 109
8510 115
8520 119
8530 113
8540 117
8550 110
8560 115
8570 115
8580 112
8590 110
8600 111
8610 116
8620 117
8630 112
8640 115
8650 117
8660 118
8670 113
8680 114
8690 115
8700 111
8710 112
8720 117
8730 113
8740 118
8750 121
8760 116
8770 120
8780 121
8790 114
8800 117
8810 116
8820 116
8830 116
8840 122
8850 114
8860 117
8870 115
8880 124
8890 113
8900 118
8910 115
8920 116
8930 121
8940 118
8950 125
8960 117
8970 116
8980 116
8990 116
9000 117
9010 118
9020 123
9030 123
9040 117
9050 117
9060 121
9070 116
9080 118
9090 119
9100 115
9110 123
9120 122
9130 118
9140 127
9150 131
9160 120
9170 119
9180 124
9190 122
9200 118
9210 118
9220 122
9230 126
9240 129
9250 121
9260 118
9270 116
9280 124
9290 128
9300 119
9310 129
9320 125
9330 126
9340 126
9350 121
9360 122
9370 129
9380 128
9390 125
9400 127
9410 131
9420 122
9430 120
9440 128
9450 125
9460 126
9470 127
9480 126
9490 130
9500 125
9510 124
9520 128
9530 123
9540 130
9550 126
9560 124
9570 125
9580 130
9590 129
9600 127
9610 125
9620 130
9630 127
9640 125
9650 126
9660 136
9670 125
9680 131
9690 137
9700 140
9710 133
9720 139
9730 170
9740 127
9750 139
9760 131
9770 176
9780 130
9790 130
9800 148
9810 143
9820 149
9830 138
9840 150
9850 131
9860 135
9870 134
9880 137
9890 134
9900 140
9910 140
9920 129
9930 133
9940 134
9950 154
9960 167
9970 138
9980 141
9990 277
10000 148
