234070 210089
223215 199059
218398 211794
222355 207471
215313 233260
211054 225329
229380 224724
212246 241992
229421 215219
226366 219914
231662 246051
220233 241560
215280 221489
213894 225101
219333 227745
208250 222244
192495 236577
231708 240269
219120 216945
213711 197859
247196 205601
212802 227436
231873 245820
254611 198009
205623 224109
210723 241210
221510 242045
214921 206393
218275 212010
237748 215704
217718 219039
220837 214914
196713 236589
220850 238331
228261 222408
208771 221647
219099 215193
199497 230873
232425 248632
222431 218927
219132 206183
209381 222117
230473 217588
238500 228705
208015 231023
229485 219016
224750 189895
212794 224912
225753 237270
208191 215527
214227 235361
218089 230923
233248 238371
220566 232477
217877 204482
203958 227460
227466 208937
230572 210070
222898 233067
230403 215561
218392 218373
233964 228920
212872 207748
218718 211885
213697 208003
221430 225340
224278 233597
231832 198421
209934 245429
190778 239466
213441 231696
226772 209820
225694 223790
209708 206772
216808 221850
233490 188174
197311 218216
252170 217919
242268 244695
225839 231721
219063 207343
229568 223037
233372 236836
228330 227354
253721 221264
215309 238447
224705 219671
227171 202510
226821 197792
221739 210874
234142 224912
227743 219540
236662 211764
232250 224139
229806 227947
228861 200376
222099 221265
216471 196347
212376 200449
228539 224984
228512 224147
198115 217282
216571 226684
225836 245134
203589 207209
206676 227974
223170 230593
214129 230338
206582 218063
250713 185181
218256 221722
216337 227676
224208 238504
230507 210322
215628 231854
246317 192595
229791 224965
216799 203016
204738 222647
213464 216712
198938 243824
222171 204509
211057 226520
216727 230941
219092 206197
215007 221425
212702 215170
228273 215518
220200 207369
208357 239236
240052 228276
209079 237158
205683 210196
226342 208658
214846 223212
211550 240655
212103 211281
209218 204988
223475 205636
204229 228544
219625 216710
225503 229720
204369 223939
233022 202874
219814 219068
241976 235736
229606 217283
211030 205598
209457 224439
232965 232843
215154 205678
213511 217118
211270 200199
213657 219707
233360 235335
225895 230788
214592 217951
219300 221204
218957 241512
215662 203603
229645 233312
198073 204743
206590 219115
227379 205938
197785 215968
246732 224976
218114 239137
221054 182764
224687 247900
210691 216585
226871 232455
241392 219353
189642 235209
216308 240565
207063 214842
222230 231901
225796 243355
224370 220628
255328 227216
201301 226552
226058 208643
241859 217452
224020 201949
219193 230349
209215 216518
210939 213137
228617 213447
216356 217053
227106 232704
218856 226714
217532 247947
237257 220183
212621 231672
204601 219952
222995 199455
219080 212217
235784 214295
219379 215914
211179 235037
205779 221609
215270 247767
234075 230371
230728 215474
217763 220450
219394 221364
202709 218837
208253 207959
214748 225294
230775 212458
254070 229718
224410 239593
224459 223255
219100 230753
223164 205237
244077 215569
235519 236012
236964 214640
230122 226246
233228 223241
210934 206747
202922 222551
229754 215121
218726 201618
221912 202111
208774 221737
210261 214906
237038 238348
204260 227551
223747 211552
225189 208204
218533 207897
215216 246723
205878 218127
207610 221976
231614 235963
211740 215216
238883 216679
217624 205362
226868 227259
210855 235940
225666 214420
213028 211103
231274 205044
227294 204688
212098 205816
232625 217060
227192 195919
224566 216303
212230 227323
201570 205110
237400 227833
227691 237118
221951 216873
236799 216846
233959 212870
199590 218141
234292 237813
220329 221270
238862 232297
211205 228028
204983 223539
220760 227855
230203 221872
214370 233600
211139 196784
222132 232073
229188 245178
211617 214862
205902 243593
223131 219263
204564 237331
220321 232602
238849 231496
215709 213778
210025 216294
203328 218468
225526 190670
219451 228363
231086 204446
220837 236446
207963 226555
236629 228352
229083 222486
220882 207392
216062 217173
217198 242865
223523 212298
210002 225634
204800 222175
210399 213342
223347 213448
207183 226869
216043 219585
234873 228465
231216 237729
222763 199482
213690 229484
219525 240243
213926 230148
239976 217391
222105 219217
222005 225663
242252 213724
224903 214066
206315 228875
212949 242787
237246 199487
218689 206193
222118 223609
218907 216781
214032 213533
199651 221486
242325 212886
210119 212272
220835 186409
206295 205963
213192 206833
224055 225704
218028 222588
212445 226935
228013 197077
250564 230760
226992 229950
224343 213050
233092 228322
206731 233937
209993 222852
202398 225059
207130 232652
211545 211845
223927 223754
201501 239477
237445 223485
200064 207991
208702 212969
186289 231222
214405 210423
204530 208151
211019 199843
243533 213429
231940 222884
232719 218552
211211 227077
233741 197038
214636 243117
209168 225031
233325 228691
230793 225126
209080 215408
222404 239555
213390 229165
228647 197306
220492 227717
203460 214091
228435 197311
222745 226036
212935 204193
230556 210576
208717 227270
229278 206633
256203 221087
231194 226848
228148 209549
234161 230425
216434 210051
217141 220358
218687 217607
226457 243616
231254 197984
215423 220619
206948 246783
232136 229314
224913 242838
216847 185384
224112 211954
202211 234632
209065 225085
201668 231353
214466 215902
224605 231677
225805 254744
222959 231951
221233 224947
238120 216809
202529 196194
224655 185892
206315 212190
226928 225642
228420 222996
187714 220741
221495 229812
234454 224317
220114 204238
216016 195652
187011 205134
207299 245489
207811 221930
222104 227079
209966 214582
213659 222964
227678 219095
212575 220289
225693 238527
231429 242754
208805 224598
220756 204192
234693 221015
221516 239064
232262 221844
222312 248540
235633 206406
210053 203988
204278 223067
224153 216610
213595 240684
217190 212040
222356 213862
227536 202529
231912 229453
233790 238197
194557 199579
214248 202038
227941 208371
237945 206281
224477 231719
224840 226053
200491 215287
203891 226042
247780 204804
220649 215840
205196 210535
224961 234463
230808 218847
214025 239808
231421 198166
235939 228545
207905 228018
207079 216220
237155 197458
218197 231944
226726 203352
225105 192200
205950 221401
205521 192288
213785 217605
244695 224389
231443 229220
203197 225078
227469 213217
237908 222315
233338 211819
228816 233373
215423 242562
226148 215176
234084 208070
202005 217250
203499 223229
239637 206923
213882 204563
202948 221146
226128 211225
235383 212520
214654 223052
227576 201466
246064 217335
212424 236898
225993 217602
220653 210193
247269 214398
223459 226191
226617 212014
209932 213380
215078 224223
215547 225876
237100 239472
222056 219592
185532 235038
223891 207035
211745 221769
244102 212695
229780 191058
212863 193668
231518 235768
226896 213768
192672 189809
220340 237592
228604 216091
211160 207939
207025 192151
201498 234826
227842 229405
216972 204524
208479 214543
214770 190886
209743 226810
204371 205833
199286 214816
216188 221097
205481 193642
214968 234655
